24
296.468	322.652
296.549	310.063
296.647	295.767
296.324	280.977
296.316	264.798
295.772	247.975
295.656	229.73
295.257	210.686
294.838	190.198
294.151	168.987
293.421	146.511
292.343	123.72
291.241	100.099
289.72	76.4316
288.226	52.7848
-1	-1
-1	-1
-1	-1
-1	-1
-1	-1
-1	-1
-1	-1
-1	-1
-1	-1
310.489	327.502
310.995	314.489
311.37	300.208
311.685	284.747
312.128	268.335
312.417	250.685
312.643	231.998
312.832	212.035
312.924	190.759
312.851	168.527
312.506	145.273
312.126	121.192
311.27	96.5904
310.259	71.783
308.631	47.4127
-1	-1
-1	-1
-1	-1
-1	-1
-1	-1
-1	-1
-1	-1
-1	-1
-1	-1
325.209	332.596
326.125	319.42
327.097	304.673
327.973	288.96
329.01	271.889
329.948	253.799
330.861	234.403
331.664	213.701
332.443	191.605
332.929	168.426
333.379	144.1
333.294	118.971
332.969	93.4378
332.158	67.6408
331.047	42.3291
-1	-1
-1	-1
-1	-1
-1	-1
-1	-1
-1	-1
-1	-1
-1	-1
-1	-1
340.6	338.223
342.309	324.615
343.803	309.621
345.496	293.45
347.228	275.99
348.768	257.341
350.557	237.254
352.182	215.673
353.626	192.731
354.972	168.552
355.791	143.3
356.523	117.163
356.534	90.5269
356.213	63.85
355.072	37.7256
-1	-1
-1	-1
-1	-1
-1	-1
-1	-1
-1	-1
-1	-1
-1	-1
-1	-1
357.177	344.032
359.334	330.26
361.662	314.822
364.111	298.361
366.398	280.622
368.872	260.83
371.399	240.636
373.889	217.8
376.366	194.238
378.526	169.191
380.285	142.783
381.384	115.73
382.093	88.2295
381.787	60.6611
380.969	33.7856
-1	-1
-1	-1
-1	-1
-1	-1
-1	-1
-1	-1
-1	-1
-1	-1
-1	-1
374.435	350.262
377.483	336.108
380.574	320.516
383.841	303.53
387.553	285.631
390.987	264.996
394.565	243.166
398.144	221.337
400.615	196.004
403.775	170.25
406.253	143.022
408.139	114.975
409.08	86.5976
409.285	58.325
408.333	30.7859
-1	-1
-1	-1
-1	-1
-1	-1
-1	-1
-1	-1
-1	-1
-1	-1
-1	-1
392.718	356.56
396.468	342.421
400.537	326.49
404.757	309.282
408.817	290.773
414.227	270.016
418.805	247.517
423.383	225.019
427.034	198.556
430.596	172.048
433.909	143.967
436.243	115.233
437.741	85.9825
438.031	57.113
437.23	29.1167
-1	-1
-1	-1
-1	-1
-1	-1
-1	-1
-1	-1
-1	-1
-1	-1
-1	-1
411.67	363.472
416.502	349.012
421.511	332.898
426.766	315.31
432.466	296.55
437.466	275.036
443.044	251.869
448.621	228.701
453.908	202.071
458.818	174.65
462.67	145.892
465.744	116.444
467.402	86.6846
467.89	57.2804
466.799	28.8487
-1	-1
-1	-1
-1	-1
-1	-1
-1	-1
-1	-1
-1	-1
-1	-1
-1	-1
431.64	370.365
437.253	356.043
443.362	339.635
449.661	321.851
456.286	302.332
463.245	281.334
469.833	257.738
-1	-1
-1	-1
-1	-1
-1	-1
-1	-1
-1	-1
-1	-1
-1	-1
-1	-1
-1	-1
-1	-1
-1	-1
-1	-1
-1	-1
-1	-1
-1	-1
-1	-1
451.791	377.851
458.515	363.288
465.631	346.762
-1	-1
-1	-1
-1	-1
-1	-1
-1	-1
-1	-1
-1	-1
-1	-1
-1	-1
-1	-1
-1	-1
-1	-1
-1	-1
-1	-1
-1	-1
-1	-1
-1	-1
-1	-1
-1	-1
-1	-1
-1	-1
-1	-1
-1	-1
-1	-1
-1	-1
-1	-1
-1	-1
-1	-1
-1	-1
-1	-1
-1	-1
-1	-1
-1	-1
-1	-1
-1	-1
-1	-1
-1	-1
-1	-1
-1	-1
-1	-1
-1	-1
-1	-1
-1	-1
-1	-1
-1	-1
-1	-1
-1	-1
-1	-1
-1	-1
-1	-1
-1	-1
-1	-1
-1	-1
-1	-1
-1	-1
-1	-1
-1	-1
-1	-1
-1	-1
-1	-1
-1	-1
-1	-1
-1	-1
-1	-1
-1	-1
-1	-1
-1	-1
-1	-1
-1	-1
-1	-1
-1	-1
-1	-1
-1	-1
-1	-1
-1	-1
-1	-1
-1	-1
-1	-1
-1	-1
-1	-1
-1	-1
-1	-1
-1	-1
-1	-1
-1	-1
-1	-1
-1	-1
-1	-1
-1	-1
-1	-1
-1	-1
-1	-1
-1	-1
-1	-1
-1	-1
-1	-1
-1	-1
-1	-1
-1	-1
-1	-1
-1	-1
-1	-1
-1	-1
-1	-1
-1	-1
-1	-1
-1	-1
-1	-1
-1	-1
-1	-1
-1	-1
-1	-1
-1	-1
-1	-1
-1	-1
-1	-1
-1	-1
-1	-1
-1	-1
-1	-1
-1	-1
-1	-1
-1	-1
-1	-1
-1	-1
-1	-1
-1	-1
-1	-1
-1	-1
-1	-1
-1	-1
-1	-1
-1	-1
-1	-1
-1	-1
-1	-1
-1	-1
-1	-1
-1	-1
-1	-1
-1	-1
-1	-1
-1	-1
-1	-1
-1	-1
-1	-1
-1	-1
-1	-1
-1	-1
-1	-1
-1	-1
-1	-1
-1	-1
-1	-1
-1	-1
-1	-1
-1	-1
-1	-1
-1	-1
-1	-1
-1	-1
-1	-1
-1	-1
-1	-1
-1	-1
-1	-1
-1	-1
-1	-1
-1	-1
-1	-1
-1	-1
-1	-1
-1	-1
-1	-1
-1	-1
-1	-1
-1	-1
-1	-1
-1	-1
-1	-1
-1	-1
-1	-1
-1	-1
-1	-1
-1	-1
-1	-1
-1	-1
-1	-1
-1	-1
-1	-1
-1	-1
-1	-1
-1	-1
-1	-1
-1	-1
-1	-1
-1	-1
-1	-1
-1	-1
-1	-1
-1	-1
-1	-1
-1	-1
-1	-1
-1	-1
-1	-1
-1	-1
-1	-1
-1	-1
-1	-1
-1	-1
-1	-1
-1	-1
-1	-1
-1	-1
-1	-1
-1	-1
-1	-1
-1	-1
-1	-1
-1	-1
-1	-1
-1	-1
-1	-1
-1	-1
-1	-1
-1	-1
-1	-1
-1	-1
-1	-1
-1	-1
-1	-1
-1	-1
-1	-1
-1	-1
-1	-1
-1	-1
-1	-1
-1	-1
-1	-1
-1	-1
-1	-1
-1	-1
-1	-1
-1	-1
-1	-1
-1	-1
-1	-1
-1	-1
-1	-1
-1	-1
-1	-1
-1	-1
-1	-1
-1	-1
-1	-1
-1	-1
-1	-1
-1	-1
-1	-1
-1	-1
-1	-1
-1	-1
-1	-1
-1	-1
-1	-1
-1	-1
-1	-1
-1	-1
-1	-1
-1	-1
-1	-1
-1	-1
-1	-1
-1	-1
-1	-1
-1	-1
-1	-1
-1	-1
-1	-1
-1	-1
-1	-1
-1	-1
-1	-1
-1	-1
-1	-1
-1	-1
-1	-1
-1	-1
-1	-1
-1	-1
-1	-1
-1	-1
-1	-1
-1	-1
-1	-1
-1	-1
-1	-1
-1	-1
-1	-1
-1	-1
-1	-1
-1	-1
-1	-1
-1	-1
-1	-1
-1	-1
-1	-1
-1	-1
-1	-1
-1	-1
-1	-1
-1	-1
-1	-1
-1	-1
-1	-1
-1	-1
-1	-1
-1	-1
-1	-1
-1	-1
-1	-1
-1	-1
-1	-1
-1	-1
-1	-1
-1	-1
-1	-1
-1	-1
-1	-1
-1	-1
-1	-1
-1	-1
-1	-1
-1	-1
-1	-1
-1	-1
-1	-1
-1	-1
-1	-1
-1	-1
-1	-1
-1	-1
-1	-1
-1	-1
-1	-1
-1	-1
-1	-1
-1	-1
-1	-1
-1	-1
-1	-1
-1	-1
-1	-1
-1	-1
-1	-1
-1	-1
296.468	322.652
287.73	330.2
278.419	338.968
268.078	347.838
257.339	357.683
245.409	368.388
232.605	379.651
218.774	392.238
203.681	405.59
187.389	419.81
169.695	435.115
150.91	451.302
130.707	468.55
109.967	486.046
88.3017	504.197
67.047	520.763
-1	-1
-1	-1
-1	-1
-1	-1
-1	-1
-1	-1
-1	-1
-1	-1
296.549	310.063
287.399	317.745
277.611	326.11
267.331	334.874
255.729	344.505
243.518	354.718
229.846	366.092
215.334	378.236
199.199	391.598
181.868	405.943
162.975	421.531
142.808	438.097
121.123	455.696
98.5466	473.872
75.1484	492.419
52.7537	510.212
-1	-1
-1	-1
-1	-1
-1	-1
-1	-1
-1	-1
-1	-1
-1	-1
296.647	295.767
286.873	303.54
276.844	311.389
266.061	319.908
254.113	329.163
241.073	339.347
226.908	350.356
211.412	362.462
194.422	375.693
175.799	390.273
155.59	405.796
133.603	422.678
110.198	440.738
85.5494	459.562
60.3989	478.935
35.9991	497.489
-1	-1
-1	-1
-1	-1
-1	-1
-1	-1
-1	-1
-1	-1
-1	-1
296.324	280.977
286.495	287.974
275.97	295.548
264.588	303.655
252.319	312.61
238.713	322.439
223.599	333.114
207.255	344.841
188.938	357.945
169.113	372.318
147.269	387.999
123.577	405.159
97.8921	423.545
71.1884	442.95
43.6029	462.815
17.2881	482.131
-1	-1
-1	-1
-1	-1
-1	-1
-1	-1
-1	-1
-1	-1
-1	-1
296.316	264.798
285.832	271.617
275.214	278.587
263.249	286.27
250.66	294.551
236.182	304.297
219.802	314.84
202.764	325.913
182.927	338.652
161.732	352.434
138.18	367.93
112.34	385.117
84.4291	403.784
55.1132	423.564
25.2894	444.19
-1	-1
-1	-1
-1	-1
-1	-1
-1	-1
-1	-1
-1	-1
-1	-1
-1	-1
295.772	247.975
285.348	254.04
274.223	260.415
261.726	267.454
248.697	275.281
233.189	283.434
215.651	293.641
198.113	303.848
176.631	316.363
153.678	330.117
128.09	345.327
100.008	362.347
69.3964	380.963
37.4364	401.112
-1	-1
-1	-1
-1	-1
-1	-1
-1	-1
-1	-1
-1	-1
-1	-1
-1	-1
-1	-1
295.656	229.73
284.553	235.251
273.067	240.827
260.157	247.159
246.395	253.679
229.743	260.931
211.092	270.216
192.44	279.502
169.601	292.51
144.809	305.005
117.12	319.62
86.3465	336.139
52.9503	354.657
17.9189	374.741
-1	-1
-1	-1
-1	-1
-1	-1
-1	-1
-1	-1
-1	-1
-1	-1
-1	-1
-1	-1
295.257	210.686
283.804	215.23
271.669	219.88
258.307	225.286
243.627	231.433
226.298	238.427
206.532	246.791
186.766	255.155
162.175	264.79
135.371	276.861
105.006	290.498
71.5561	306.29
35.0615	324.238
-1	-1
-1	-1
-1	-1
-1	-1
-1	-1
-1	-1
-1	-1
-1	-1
-1	-1
-1	-1
-1	-1
294.838	190.198
282.909	193.688
270.422	197.485
256.207	201.645
240.609	206.351
222.633	211.876
203.092	218.403
179.956	225.855
154.375	234.93
125.152	245.31
92.3146	257.606
55.7267	272.173
16.1783	289.242
-1	-1
-1	-1
-1	-1
-1	-1
-1	-1
-1	-1
-1	-1
-1	-1
-1	-1
-1	-1
-1	-1
294.151	168.987
281.924	171.339
268.751	173.701
254.133	176.657
237.591	180.055
219.01	184.112
197.813	188.878
173.639	194.71
145.861	201.714
114.476	210.396
78.8714	220.867
39.5793	233.915
-1	-1
-1	-1
-1	-1
-1	-1
-1	-1
-1	-1
-1	-1
-1	-1
-1	-1
-1	-1
-1	-1
-1	-1
293.421	146.511
280.638	147.666
267.266	148.81
251.879	150.209
234.711	151.986
215.055	154.255
192.829	157.16
167.117	160.834
137.624	165.757
103.726	172.254
65.7393	180.734
23.6449	191.958
-1	-1
-1	-1
-1	-1
-1	-1
-1	-1
-1	-1
-1	-1
-1	-1
-1	-1
-1	-1
-1	-1
-1	-1
292.343	123.72
279.427	123.393
265.227	122.899
249.437	122.651
231.395	122.641
211.221	122.839
187.527	123.636
160.455	125.141
128.967	127.668
93.3381	131.836
53.2325	138.176
-1	-1
-1	-1
-1	-1
-1	-1
-1	-1
-1	-1
-1	-1
-1	-1
-1	-1
-1	-1
-1	-1
-1	-1
-1	-1
291.241	100.099
277.73	98.3833
263.338	96.4669
246.584	94.5528
227.943	92.6181
206.675	90.794
182.28	89.374
153.703	88.5881
120.927	88.859
83.7286	90.825
42.6872	95.0907
-1	-1
-1	-1
-1	-1
-1	-1
-1	-1
-1	-1
-1	-1
-1	-1
-1	-1
-1	-1
-1	-1
-1	-1
-1	-1
289.72	76.4316
276.15	73.1799
260.935	69.6884
243.843	66.1115
224.361	62.4139
202.532	58.594
176.89	55.2451
147.484	52.4604
113.719	50.7659
76.1155	50.7425
34.4482	53.3514
-1	-1
-1	-1
-1	-1
-1	-1
-1	-1
-1	-1
-1	-1
-1	-1
-1	-1
-1	-1
-1	-1
-1	-1
-1	-1
288.226	52.7848
274.156	48.2674
258.784	43.4234
240.943	38.2774
221.1	32.9542
198.303	27.6126
172.138	22.4739
142.063	18.2302
108.277	14.7681
70.5786	13.2759
29.49	14.6062
-1	-1
-1	-1
-1	-1
-1	-1
-1	-1
-1	-1
-1	-1
-1	-1
-1	-1
-1	-1
-1	-1
-1	-1
-1	-1
-1	-1
272.328	24.5367
-1	-1
238.774	11.8676
-1	-1
-1	-1
-1	-1
-1	-1
-1	-1
-1	-1
-1	-1
-1	-1
-1	-1
-1	-1
-1	-1
-1	-1
-1	-1
-1	-1
-1	-1
-1	-1
-1	-1
-1	-1
-1	-1
-1	-1
-1	-1
-1	-1
-1	-1
-1	-1
-1	-1
-1	-1
-1	-1
-1	-1
-1	-1
-1	-1
-1	-1
-1	-1
-1	-1
-1	-1
-1	-1
-1	-1
-1	-1
-1	-1
-1	-1
-1	-1
-1	-1
-1	-1
-1	-1
-1	-1
-1	-1
-1	-1
-1	-1
-1	-1
-1	-1
-1	-1
-1	-1
-1	-1
-1	-1
-1	-1
-1	-1
-1	-1
-1	-1
-1	-1
-1	-1
-1	-1
-1	-1
-1	-1
-1	-1
-1	-1
-1	-1
-1	-1
-1	-1
-1	-1
-1	-1
-1	-1
-1	-1
-1	-1
-1	-1
-1	-1
-1	-1
-1	-1
-1	-1
-1	-1
-1	-1
-1	-1
-1	-1
-1	-1
-1	-1
-1	-1
-1	-1
-1	-1
-1	-1
-1	-1
-1	-1
-1	-1
-1	-1
-1	-1
-1	-1
-1	-1
-1	-1
-1	-1
-1	-1
-1	-1
-1	-1
-1	-1
-1	-1
-1	-1
-1	-1
-1	-1
-1	-1
-1	-1
-1	-1
-1	-1
-1	-1
-1	-1
-1	-1
-1	-1
-1	-1
-1	-1
-1	-1
-1	-1
-1	-1
-1	-1
-1	-1
-1	-1
-1	-1
-1	-1
-1	-1
-1	-1
-1	-1
-1	-1
-1	-1
-1	-1
-1	-1
-1	-1
-1	-1
-1	-1
-1	-1
-1	-1
-1	-1
-1	-1
-1	-1
-1	-1
-1	-1
-1	-1
-1	-1
-1	-1
-1	-1
-1	-1
-1	-1
-1	-1
-1	-1
-1	-1
-1	-1
-1	-1
-1	-1
-1	-1
-1	-1
-1	-1
-1	-1
-1	-1
-1	-1
-1	-1
-1	-1
-1	-1
-1	-1
-1	-1
-1	-1
-1	-1
-1	-1
-1	-1
-1	-1
-1	-1
-1	-1
-1	-1
-1	-1
-1	-1
-1	-1
-1	-1
-1	-1
-1	-1
-1	-1
-1	-1
-1	-1
-1	-1
-1	-1
-1	-1
-1	-1
-1	-1
-1	-1
-1	-1
-1	-1
-1	-1
-1	-1
-1	-1
-1	-1
-1	-1
-1	-1
-1	-1
-1	-1
-1	-1
-1	-1
-1	-1
-1	-1
-1	-1
-1	-1
-1	-1
-1	-1
-1	-1
-1	-1
-1	-1
-1	-1
-1	-1
-1	-1
-1	-1
-1	-1
-1	-1
296.468	322.652
310.489	327.502
325.209	332.596
340.6	338.223
357.177	344.032
374.435	350.262
392.718	356.56
411.67	363.472
431.64	370.365
451.791	377.851
-1	-1
-1	-1
-1	-1
-1	-1
-1	-1
-1	-1
-1	-1
-1	-1
-1	-1
-1	-1
-1	-1
-1	-1
-1	-1
-1	-1
287.73	330.2
302.073	336.543
316.527	342.249
333.045	348.067
349.507	354.552
367.864	361.264
386.429	368.509
406.696	375.906
427.077	383.799
448.596	391.829
469.779	399.961
-1	-1
-1	-1
-1	-1
-1	-1
-1	-1
-1	-1
-1	-1
-1	-1
-1	-1
-1	-1
-1	-1
-1	-1
-1	-1
278.419	338.968
293.328	345.158
308.244	351.299
324.605	357.927
341.968	364.999
360.533	372.484
380.152	380.424
400.777	388.649
422.412	397.367
444.568	406.145
-1	-1
-1	-1
-1	-1
-1	-1
-1	-1
-1	-1
-1	-1
-1	-1
-1	-1
-1	-1
-1	-1
-1	-1
-1	-1
-1	-1
268.078	347.838
283.368	355.026
298.676	361.536
315.409	369.056
333.369	376.72
352.449	385.062
372.836	393.819
394.313	403.141
416.866	412.618
440.123	422.404
-1	-1
-1	-1
-1	-1
-1	-1
-1	-1
-1	-1
-1	-1
-1	-1
-1	-1
-1	-1
-1	-1
-1	-1
-1	-1
-1	-1
257.339	357.683
272.811	365.287
288.31	372.814
305.449	380.912
323.687	389.586
343.783	398.419
364.672	408.349
387.159	418.51
410.572	429.49
434.76	440.362
-1	-1
-1	-1
-1	-1
-1	-1
-1	-1
-1	-1
-1	-1
-1	-1
-1	-1
-1	-1
-1	-1
-1	-1
-1	-1
-1	-1
245.409	368.388
260.961	376.689
276.924	384.894
294.361	394.001
312.736	403.579
333.657	413.997
355.952	425.209
378.247	436.421
403.165	448.157
428.482	460.285
-1	-1
-1	-1
-1	-1
-1	-1
-1	-1
-1	-1
-1	-1
-1	-1
-1	-1
-1	-1
-1	-1
-1	-1
-1	-1
-1	-1
232.605	379.651
248.497	388.811
264.399	397.997
282.229	408.257
301.224	418.939
321.85	431.319
344.936	443.952
368.021	456.586
394.689	469.151
421.054	482.183
-1	-1
-1	-1
-1	-1
-1	-1
-1	-1
-1	-1
-1	-1
-1	-1
-1	-1
-1	-1
-1	-1
-1	-1
-1	-1
-1	-1
218.774	392.238
234.468	402.348
250.688	412.5
268.701	423.736
288.185	435.953
310.043	448.641
333.919	462.696
357.796	476.751
384.663	491.634
412.082	506.427
-1	-1
-1	-1
-1	-1
-1	-1
-1	-1
-1	-1
-1	-1
-1	-1
-1	-1
-1	-1
-1	-1
-1	-1
-1	-1
-1	-1
203.681	405.59
219.479	416.613
235.618	428.241
253.769	440.751
273.604	454.483
295.442	469.245
319.551	484.668
345.087	500.724
372.821	516.964
401.294	532.891
-1	-1
-1	-1
-1	-1
-1	-1
-1	-1
-1	-1
-1	-1
-1	-1
-1	-1
-1	-1
-1	-1
-1	-1
-1	-1
-1	-1
187.389	419.81
202.813	432.314
219.177	445.183
237.356	459.244
257.461	474.413
279.662	490.698
304.136	508.115
330.522	525.985
358.87	544.06
388.371	561.567
-1	-1
-1	-1
-1	-1
-1	-1
-1	-1
-1	-1
-1	-1
-1	-1
-1	-1
-1	-1
-1	-1
-1	-1
-1	-1
-1	-1
169.695	435.115
185.118	448.958
201.186	463.413
219.294	479.177
239.449	496.175
261.875	514.445
286.658	533.594
313.686	553.339
342.713	573.067
373.092	591.831
-1	-1
-1	-1
-1	-1
-1	-1
-1	-1
-1	-1
-1	-1
-1	-1
-1	-1
-1	-1
-1	-1
-1	-1
-1	-1
-1	-1
150.91	451.302
165.785	466.833
181.6	482.706
199.557	500.329
219.628	519.268
242.182	539.439
267.182	560.528
294.555	582.069
324.211	603.326
355.12	623.363
-1	-1
-1	-1
-1	-1
-1	-1
-1	-1
-1	-1
-1	-1
-1	-1
-1	-1
-1	-1
-1	-1
-1	-1
-1	-1
-1	-1
130.707	468.55
145.394	485.408
160.658	503.013
178.269	522.478
198.087	543.276
220.446	565.304
245.504	588.265
273.186	611.431
-1	-1
-1	-1
-1	-1
-1	-1
-1	-1
-1	-1
-1	-1
-1	-1
-1	-1
-1	-1
-1	-1
-1	-1
-1	-1
-1	-1
-1	-1
-1	-1
109.967	486.046
123.636	504.788
138.399	523.905
155.511	545.203
174.857	567.695
197.032	591.555
221.877	616.123
-1	-1
-1	-1
-1	-1
-1	-1
-1	-1
-1	-1
-1	-1
-1	-1
-1	-1
-1	-1
-1	-1
-1	-1
-1	-1
-1	-1
-1	-1
-1	-1
-1	-1
88.3017	504.197
101.488	524.188
115.599	544.957
131.942	567.607
150.821	591.762
172.533	617.013
-1	-1
-1	-1
-1	-1
-1	-1
-1	-1
-1	-1
-1	-1
-1	-1
-1	-1
-1	-1
-1	-1
-1	-1
-1	-1
-1	-1
-1	-1
-1	-1
-1	-1
-1	-1
67.047	520.763
-1	-1
92.5851	564.897
108.346	589.453
126.972	613.884
-1	-1
-1	-1
-1	-1
-1	-1
-1	-1
-1	-1
-1	-1
-1	-1
-1	-1
-1	-1
-1	-1
-1	-1
-1	-1
-1	-1
-1	-1
-1	-1
-1	-1
-1	-1
-1	-1
-1	-1
-1	-1
-1	-1
-1	-1
-1	-1
-1	-1
-1	-1
-1	-1
-1	-1
-1	-1
-1	-1
-1	-1
-1	-1
-1	-1
-1	-1
-1	-1
-1	-1
-1	-1
-1	-1
-1	-1
-1	-1
-1	-1
-1	-1
-1	-1
-1	-1
-1	-1
-1	-1
-1	-1
-1	-1
-1	-1
-1	-1
-1	-1
-1	-1
-1	-1
-1	-1
-1	-1
-1	-1
-1	-1
-1	-1
-1	-1
-1	-1
-1	-1
-1	-1
-1	-1
-1	-1
-1	-1
-1	-1
-1	-1
-1	-1
-1	-1
-1	-1
-1	-1
-1	-1
-1	-1
-1	-1
-1	-1
-1	-1
-1	-1
-1	-1
-1	-1
-1	-1
-1	-1
-1	-1
-1	-1
-1	-1
-1	-1
-1	-1
-1	-1
-1	-1
-1	-1
-1	-1
-1	-1
-1	-1
-1	-1
-1	-1
-1	-1
-1	-1
-1	-1
-1	-1
-1	-1
-1	-1
-1	-1
-1	-1
-1	-1
-1	-1
-1	-1
-1	-1
-1	-1
-1	-1
-1	-1
-1	-1
-1	-1
-1	-1
-1	-1
-1	-1
-1	-1
-1	-1
-1	-1
-1	-1
-1	-1
-1	-1
-1	-1
-1	-1
-1	-1
-1	-1
-1	-1
-1	-1
-1	-1
-1	-1
-1	-1
-1	-1
-1	-1
-1	-1
-1	-1
-1	-1
-1	-1
-1	-1
-1	-1
-1	-1
-1	-1
-1	-1
-1	-1
-1	-1
-1	-1
-1	-1
-1	-1
-1	-1
-1	-1
-1	-1
-1	-1
-1	-1
-1	-1
-1	-1
-1	-1
-1	-1
-1	-1
-1	-1
-1	-1
-1	-1
-1	-1
-1	-1
-1	-1
-1	-1
-1	-1
-1	-1
-1	-1
-1	-1
-1	-1
-1	-1
-1	-1
-1	-1
-1	-1
-1	-1
-1	-1
-1	-1
-1	-1
-1	-1
-1	-1
-1	-1
-1	-1
-1	-1
-1	-1
-1	-1
-1	-1
-1	-1
-1	-1
-1	-1
-1	-1
-1	-1
-1	-1
-1	-1
-1	-1
-1	-1
-1	-1
-1	-1
-1	-1
-1	-1
-1	-1
-1	-1
-1	-1
-1	-1
-1	-1
-1	-1
-1	-1
-1	-1
-1	-1
-1	-1
-1	-1
-1	-1
-1	-1
-1	-1
-1	-1
